3.922
3.922
3.922
3.922
3.922
3.922
3.922
3.922
3.922
3.922
3.922
3.922
3.922
3.922
3.922
3.922
3.922
3.922
3.922
3.922
3.922
3.922
3.922
3.922
3.922
3.817
3.817
3.817
3.817
3.817
3.817
3.817
3.817
3.817
3.817
3.817
3.817
3.817
3.817
3.817
3.817
3.817
3.817
3.817
3.817
3.817
3.817
3.817
3.817
3.817
3.817
3.817
3.817
3.817
3.817
3.817
3.817
3.817
3.817
3.817
3.817
3.817
3.817
3.817
3.817
3.817
3.817
3.903
3.903
3.903
3.903
3.903
3.903
3.903
3.903
3.903
3.903
3.903
3.903
3.903
3.903
3.903
3.903
3.903
3.903
3.903
3.903
3.903
3.903
3.903
3.903
3.903
3.903
3.903
3.903
3.903
3.903
3.903
3.903
3.903
3.903
3.903
3.903
3.903
3.903
3.903
3.903
3.903
3.903
3.903
3.903
3.903
3.734
3.734
3.734
3.734
3.734
3.734
3.734
3.734
3.734
3.734
3.734
3.734
3.734
3.734
3.734
3.734
3.734
3.734
3.734
3.734
3.734
3.734
3.734
3.734
3.734
3.734
3.734
3.734
3.734
3.734
3.734
3.734
3.734
3.734
3.734
3.734
3.734
3.734
3.734
3.734
3.734
3.734
3.734
3.734
3.734
3.915
3.915
3.915
3.915
3.915
3.915
3.915
3.915
3.915
3.915
3.915
3.915
3.915
3.915
3.915
3.915
3.915
3.915
3.915
3.915
3.915
3.915
3.915
3.915
3.915
3.915
3.915
3.915
3.915
3.915
3.915
3.915
3.915
3.915
3.915
3.915
3.915
3.915
3.915
3.915
3.915
3.915
3.915
4.203
4.203
4.203
4.203
4.203
4.203
4.203
4.203
4.203
4.203
4.203
4.203
4.203
4.203
4.203
4.203
4.203
4.203
4.203
4.203
4.203
4.203
4.203
4.203
4.203
4.203
4.203
4.203
4.203
4.203
4.203
4.203
4.203
4.203
4.203
4.203
4.203
4.203
4.203
4.203
4.203
4.203
3.737
3.737
3.737
3.737
3.737
3.737
3.737
3.737
3.737
3.737
3.737
3.737
3.737
3.737
3.737
3.737
3.737
3.737
3.737
3.737
3.737
3.737
3.737
3.737
3.737
3.737
3.737
3.737
3.737
3.737
3.737
3.737
3.737
3.737
3.737
3.737
3.737
3.737
3.737
3.737
3.737
3.737
3.737
3.737
3.737
3.737
3.666
3.666
3.666
3.666
3.666
3.666
3.666
3.666
3.666
3.666
3.666
3.666
3.666
3.666
3.666
3.666
3.666
3.666
3.666
3.666
3.666
3.666
3.666
3.666
3.666
3.666
3.666
3.666
3.666
3.666
3.666
3.666
3.666
3.666
3.666
3.666
3.666
3.666
3.666
3.666
3.666
3.666
3.666
3.666
3.751
3.751
3.751
3.751
3.751
3.751
3.751
3.751
3.751
3.751
3.751
3.751
3.751
3.751
3.751
3.751
3.751
3.751
3.751
3.751
3.751
3.751
3.751
3.751
3.751
3.751
3.751
3.751
3.751
3.751
3.751
3.751
3.751
3.751
3.751
3.751
3.751
3.751
4.082
4.082
4.082
4.082
4.082
4.082
4.082
4.082
4.082
4.082
4.082
4.082
4.082
4.082
4.082
4.082
4.082
4.082
4.082
4.082
4.082
4.082
4.082
4.082
4.082
4.082
4.082
4.082
4.082
4.082
4.082
4.082
4.082
4.082
4.082
4.082
4.082
4.082
4.082
4.082
4.082
4.082
4.082
4.082
4.082
4.082
3.89
3.89
3.89
3.89
3.89
3.89
3.89
3.89
3.89
3.89
3.89
3.89
3.89
3.89
3.89
3.89
3.89
3.89
3.89
3.89
3.89
3.89
3.89
3.89
3.89
3.89
3.89
3.89
3.89
3.89
3.89
3.89
3.89
3.89
3.89
3.89
3.89
3.89
3.89
3.89
3.89
3.89
3.89
3.89
3.89
3.89
3.89
3.89
3.679
3.679
3.679
3.679
3.679
3.679
3.679
3.679
3.679
3.679
3.679
3.679
3.679
3.679
3.679
3.679
3.679
3.679
3.679
3.679
3.679
3.679
3.679
3.679
3.679
3.679
3.679
3.679
3.679
3.679
3.679
3.679
3.679
3.679
3.679
3.679
3.679
3.679
3.679
3.679
3.679
3.679
3.679
3.679
3.894
3.894
3.894
3.894
3.894
3.894
3.894
3.894
3.894
3.894
3.894
3.894
3.894
3.894
3.894
3.894
3.894
3.894
3.894
3.894
3.894
3.894
3.894
3.894
3.894
3.894
3.894
3.894
3.894
3.894
3.894
3.894
3.894
3.894
3.894
3.894
3.894
3.894
3.894
3.894
3.894
3.915
3.915
3.915
3.915
3.915
3.915
3.915
3.915
3.915
3.915
3.915
3.915
3.915
3.915
3.915
3.915
3.915
3.915
3.915
3.915
3.915
3.915
3.915
3.915
3.915
3.915
3.915
3.915
3.915
3.915
3.915
3.915
3.915
3.915
3.915
3.915
3.915
3.915
3.915
3.764
3.764
3.764
3.764
3.764
3.764
3.764
3.764
3.764
3.764
3.764
3.764
